Module:	Nucleic Acid																																																																																																																																																	
Path:	10 mm																																																																																																																																																	
Software:	3.7.1																																																																																																																																																	
Firmware:																																																																																																																																																		
Sample Number	Sample Name	BA Chip	BA Lane	ng/ul	A260	A280	260/280	260/230	Constant	Cursor Pos.	Cursor abs.	340 raw	Measurement Type	Serial #	Config.	220	221	222	223	224	225	226	227	228	229	230	231	232	233	234	235	236	237	238	239	240	241	242	243	244	245	246	247	248	249	250	251	252	253	254	255	256	257	258	259	260	261	262	263	264	265	266	267	268	269	270	271	272	273	274	275	276	277	278	279	280	281	282	283	284	285	286	287	288	289	290	291	292	293	294	295	296	297	298	299	300	301	302	303	304	305	306	307	308	309	310	311	312	313	314	315	316	317	318	319	320	321	322	323	324	325	326	327	328	329	330	331	332	333	334	335	336	337	338	339	340	341	342	343	344	345	346	347	348	349	350
1	WT control 	1	1	321.71	8.043	3.586	2.24	2.5	40	230	3.216	0.338	 Measure 	 USB2G5551 B2345 	 0.999107/1.75/80/16 	4.633	4.271	4.047	3.777	3.541	3.423	3.294	3.239	3.221	3.208	3.216	3.229	3.272	3.336	3.45	3.549	3.73	3.958	4.146	4.488	4.811	4.982	5.226	5.524	5.744	6.031	6.27	6.432	6.68	6.899	7.019	7.187	7.402	7.541	7.717	7.857	7.941	8.048	8.085	8.068	8.043	7.98	7.899	7.815	7.624	7.341	7.161	6.915	6.647	6.472	6.226	5.977	5.8	5.53	5.259	4.976	4.763	4.422	4.092	3.88	3.586	3.294	3.095	2.812	2.561	2.327	2.168	1.919	1.693	1.561	1.366	1.165	1.043	0.883	0.737	0.609	0.535	0.446	0.369	0.325	0.261	0.207	0.158	0.13	0.098	0.075	0.059	0.041	0.028	0.019	0.015	0.01	0.004	0.001	0	-0.002	-0.001	0	0.001	0.004	0.006	0.006	0.009	0.009	0.009	0.007	0.01	0.008	0.008	0.005	0.001	0.001	0.002	-0.001	-0.002	-0.003	-0.002	-0.001	0.001	0.002	0	0.002	0.002	0.005	0.005	0.008	0.006	0.008	0.01	0.01	0.012
2	WT control 	1	2	402.6	10.065	4.494	2.24	2.47	40	230	4.071	0.494	 Measure 	 USB2G5551 B2345 	 0.999107/1.75/80/16 	5.699	5.297	5.046	4.721	4.445	4.31	4.166	4.098	4.079	4.064	4.071	4.091	4.141	4.216	4.353	4.48	4.7	4.978	5.209	5.632	6.036	6.246	6.548	6.916	7.202	7.564	7.865	8.071	8.385	8.662	8.813	9.017	9.261	9.426	9.636	9.825	9.929	10.063	10.104	10.096	10.065	9.988	9.879	9.767	9.529	9.18	8.955	8.644	8.304	8.088	7.789	7.479	7.265	6.926	6.587	6.239	5.974	5.549	5.135	4.866	4.494	4.124	3.873	3.515	3.201	2.911	2.711	2.395	2.111	1.946	1.703	1.454	1.302	1.098	0.915	0.757	0.664	0.553	0.454	0.396	0.315	0.246	0.186	0.151	0.111	0.082	0.064	0.044	0.029	0.014	0.008	0.002	-0.003	-0.004	-0.007	-0.008	-0.003	-0.006	-0.006	-0.004	-0.002	-0.001	0	-0.001	-0.003	0.001	0.003	0.003	0.003	0.002	0.005	0.006	0.006	0.005	0.004	0.003	0.003	0.001	0	0.001	0	0.002	0	0.003	0.005	0.009	0.011	0.014	0.014	0.014	0.015
3	WT control 	1	3	516.6	12.915	5.639	2.29	2.16	40	230	5.988	0.808	 Measure 	 USB2G5551 B2345 	 0.999107/1.75/80/16 	9.332	8.619	8.203	7.641	7.151	6.831	6.417	6.193	6.109	6.033	5.988	5.971	5.955	5.983	6.1	6.208	6.432	6.723	6.976	7.431	7.857	8.097	8.457	8.887	9.172	9.558	9.929	10.191	10.605	10.964	11.165	11.468	11.947	12.268	12.617	12.852	12.959	12.987	12.986	12.956	12.915	12.811	12.664	12.526	12.244	11.906	11.637	11.222	10.747	10.43	10	9.585	9.293	8.834	8.371	7.918	7.589	7.046	6.502	6.139	5.639	5.171	4.86	4.389	3.951	3.571	3.318	2.916	2.551	2.337	2.013	1.697	1.51	1.252	1.008	0.804	0.691	0.542	0.428	0.355	0.259	0.182	0.12	0.084	0.041	0	-0.017	-0.047	-0.071	-0.074	-0.08	-0.084	-0.094	-0.099	-0.096	-0.085	-0.083	-0.089	-0.09	-0.08	-0.071	-0.07	-0.075	-0.067	-0.072	-0.066	-0.06	-0.058	-0.059	-0.052	-0.047	-0.053	-0.043	-0.042	-0.037	-0.03	-0.028	-0.02	-0.003	0.006	0	-0.016	-0.019	-0.027	-0.03	-0.04	-0.046	-0.047	-0.036	-0.02	-0.022
4	1K 3hrpi 1	1	4	217.13	5.428	2.419	2.24	2.3	40	230	2.358	0.228	 Measure 	 USB2G5551 B2345 	 0.999107/1.75/80/16 	3.521	3.255	3.098	2.882	2.693	2.59	2.472	2.41	2.389	2.366	2.358	2.36	2.373	2.4	2.456	2.512	2.616	2.758	2.869	3.082	3.287	3.393	3.551	3.741	3.882	4.069	4.228	4.339	4.509	4.658	4.741	4.861	5.022	5.121	5.249	5.335	5.386	5.441	5.457	5.446	5.428	5.388	5.335	5.277	5.149	4.97	4.849	4.681	4.491	4.369	4.202	4.032	3.915	3.729	3.547	3.358	3.215	2.985	2.762	2.619	2.419	2.219	2.085	1.893	1.725	1.571	1.462	1.296	1.145	1.057	0.929	0.796	0.715	0.605	0.508	0.424	0.375	0.315	0.26	0.232	0.19	0.155	0.121	0.101	0.08	0.063	0.054	0.04	0.03	0.019	0.017	0.013	0.009	0.009	0.006	0.005	0.009	0.009	0.009	0.011	0.013	0.012	0.013	0.011	0.01	0.01	0.008	0.007	0.009	0.006	0.004	0.004	0.006	0.004	0.003	0.001	0.001	0.002	0.003	0.003	0	0.002	0.001	0.001	0.001	0.002	0.003	0.005	0.004	0.005	0.006
5	1K 3hrpi 2	1	5	201.43	5.036	2.246	2.24	2.54	40	230	1.985	0.205	 Measure 	 USB2G5551 B2345 	 0.999107/1.75/80/16 	2.936	2.706	2.565	2.374	2.22	2.137	2.04	2	1.989	1.979	1.985	1.994	2.021	2.062	2.142	2.206	2.321	2.466	2.581	2.793	2.991	3.095	3.247	3.433	3.569	3.746	3.899	4.004	4.168	4.304	4.383	4.494	4.648	4.747	4.867	4.951	4.996	5.048	5.061	5.054	5.036	4.997	4.944	4.889	4.773	4.616	4.506	4.347	4.172	4.056	3.904	3.747	3.637	3.461	3.288	3.116	2.981	2.772	2.565	2.431	2.246	2.063	1.937	1.757	1.602	1.456	1.356	1.201	1.059	0.978	0.86	0.738	0.661	0.56	0.469	0.392	0.347	0.291	0.242	0.214	0.175	0.142	0.112	0.093	0.072	0.055	0.043	0.033	0.023	0.014	0.011	0.008	0.006	0.007	0.008	0.007	0.008	0.005	0.004	0.004	0.003	0.002	0.005	0.004	0.006	0.008	0.009	0.007	0.009	0.008	0.006	0.006	0.006	0.005	0	0	-0.002	-0.002	0	0	0	0.002	0.003	0.003	0.005	0.003	0.003	0.003	0.001	0.001	0.001
6	1K 3hrpi 3	1	6	205.67	5.142	2.288	2.25	1.81	40	230	2.848	0.22	 Measure 	 USB2G5551 B2345 	 0.999107/1.75/80/16 	4.397	4.125	3.949	3.695	3.445	3.298	3.11	3.003	2.951	2.893	2.848	2.82	2.789	2.755	2.726	2.725	2.756	2.832	2.909	3.06	3.218	3.302	3.432	3.599	3.722	3.885	4.028	4.124	4.278	4.413	4.489	4.598	4.748	4.843	4.963	5.055	5.099	5.15	5.165	5.158	5.142	5.102	5.044	4.986	4.87	4.703	4.59	4.424	4.246	4.132	3.973	3.816	3.701	3.524	3.347	3.169	3.034	2.819	2.607	2.472	2.288	2.102	1.978	1.797	1.638	1.493	1.392	1.233	1.088	1.004	0.881	0.755	0.677	0.572	0.479	0.397	0.35	0.293	0.241	0.211	0.17	0.133	0.101	0.082	0.058	0.041	0.029	0.018	0.009	0.001	0	-0.003	-0.005	-0.005	-0.003	-0.006	-0.005	-0.006	-0.006	-0.005	-0.006	-0.007	-0.005	-0.002	-0.001	-0.001	0.001	-0.001	0.002	-0.002	-0.004	-0.006	-0.007	-0.007	-0.009	-0.007	-0.008	-0.007	-0.004	-0.002	0	-0.001	-0.002	-0.004	-0.004	-0.003	-0.005	-0.005	-0.007	-0.007	-0.004
7	1K 6hrpi 1	1	7	199.88	4.997	2.229	2.24	2.2	40	230	2.272	0.222	 Measure 	 USB2G5551 B2345 	 0.999107/1.75/80/16 	3.483	3.232	3.072	2.855	2.667	2.553	2.418	2.344	2.317	2.289	2.272	2.267	2.27	2.282	2.321	2.364	2.45	2.568	2.665	2.851	3.026	3.122	3.263	3.435	3.563	3.731	3.88	3.98	4.139	4.274	4.35	4.461	4.616	4.714	4.832	4.914	4.961	5.015	5.026	5.016	4.997	4.961	4.908	4.857	4.742	4.577	4.467	4.306	4.133	4.019	3.864	3.709	3.598	3.426	3.256	3.086	2.953	2.743	2.54	2.408	2.229	2.049	1.926	1.747	1.594	1.453	1.353	1.2	1.059	0.976	0.86	0.739	0.662	0.561	0.471	0.391	0.345	0.288	0.236	0.208	0.168	0.132	0.098	0.079	0.059	0.046	0.036	0.024	0.014	0.008	0.007	0.004	0.002	0.001	0.001	0.001	0.004	0.002	0.004	0.003	0.003	0.002	0.002	-0.001	-0.001	-0.002	-0.001	-0.004	-0.003	-0.004	-0.007	-0.006	-0.003	-0.002	-0.004	-0.005	-0.004	-0.003	0.002	0.002	0	0.002	0.001	0.001	0.001	0.001	-0.002	-0.003	-0.002	-0.003	-0.002
8	1K 6hrpi 2	1	8	151.94	3.798	1.681	2.26	1.61	40	230	2.365	0.212	 Measure 	 USB2G5551 B2345 	 0.999107/1.75/80/16 	3.728	3.512	3.365	3.156	2.948	2.819	2.645	2.534	2.484	2.418	2.365	2.33	2.284	2.228	2.17	2.15	2.152	2.193	2.237	2.33	2.431	2.488	2.578	2.691	2.77	2.884	2.987	3.06	3.171	3.269	3.325	3.41	3.531	3.608	3.695	3.758	3.791	3.818	3.823	3.813	3.798	3.768	3.729	3.686	3.594	3.481	3.396	3.275	3.142	3.053	2.934	2.815	2.73	2.596	2.465	2.331	2.232	2.073	1.917	1.817	1.681	1.545	1.452	1.318	1.201	1.095	1.019	0.901	0.792	0.731	0.644	0.551	0.493	0.415	0.346	0.287	0.251	0.209	0.168	0.147	0.115	0.091	0.067	0.053	0.037	0.027	0.02	0.013	0.006	0.002	0.001	0	0	0.001	0.001	0.001	0.003	0.002	0.001	0	-0.002	-0.004	-0.003	-0.005	-0.005	-0.004	-0.003	-0.003	0.001	0	0	0.001	0.002	0.003	0	-0.002	-0.004	-0.003	-0.002	0	0	-0.001	-0.001	-0.003	-0.002	0	-0.001	-0.002	-0.003	-0.002	0
9	1K 6hrpi 3	1	9	224.39	5.61	2.504	2.24	2	40	230	2.809	0.22	 Measure 	 USB2G5551 B2345 	 0.999107/1.75/80/16 	4.275	3.988	3.809	3.55	3.318	3.185	3.018	2.925	2.887	2.839	2.809	2.792	2.78	2.772	2.782	2.806	2.876	2.99	3.088	3.277	3.466	3.568	3.718	3.906	4.046	4.231	4.391	4.502	4.673	4.818	4.901	5.022	5.187	5.288	5.414	5.506	5.561	5.623	5.642	5.629	5.61	5.569	5.508	5.45	5.319	5.138	5.016	4.84	4.645	4.519	4.348	4.173	4.05	3.856	3.663	3.469	3.321	3.088	2.86	2.712	2.504	2.302	2.162	1.962	1.789	1.628	1.517	1.345	1.186	1.095	0.963	0.827	0.741	0.629	0.528	0.438	0.388	0.325	0.267	0.232	0.187	0.148	0.11	0.091	0.067	0.049	0.039	0.028	0.017	0.009	0.007	0.001	-0.002	-0.003	-0.005	-0.006	-0.006	-0.007	-0.002	-0.002	-0.004	-0.004	-0.002	-0.003	-0.002	-0.002	-0.004	-0.004	-0.002	-0.005	-0.005	-0.004	-0.005	-0.006	-0.008	-0.008	-0.006	-0.006	-0.004	-0.003	0	0.001	-0.001	-0.002	-0.003	-0.004	-0.006	-0.008	-0.011	-0.01	-0.009
10	1K 9hrpi 1	1	10	225.3	5.633	2.49	2.26	1.73	40	230	3.251	0.255	 Measure 	 USB2G5551 B2345 	 0.999107/1.75/80/16 	5.073	4.742	4.536	4.237	3.968	3.793	3.576	3.443	3.383	3.307	3.251	3.216	3.17	3.12	3.069	3.059	3.083	3.157	3.232	3.387	3.551	3.641	3.78	3.956	4.091	4.27	4.425	4.533	4.7	4.846	4.929	5.05	5.212	5.313	5.442	5.532	5.587	5.645	5.664	5.651	5.633	5.593	5.533	5.474	5.339	5.153	5.027	4.846	4.65	4.52	4.348	4.168	4.044	3.848	3.655	3.461	3.312	3.076	2.844	2.695	2.49	2.286	2.148	1.95	1.775	1.615	1.503	1.33	1.171	1.081	0.946	0.804	0.72	0.604	0.501	0.413	0.362	0.3	0.245	0.214	0.17	0.136	0.101	0.083	0.061	0.045	0.035	0.026	0.014	0.006	0.005	0	-0.002	-0.003	-0.003	-0.004	-0.002	-0.004	-0.005	-0.004	-0.006	-0.008	-0.007	-0.007	-0.006	-0.003	0	0	0.003	0.002	0	0.004	0	-0.001	-0.003	-0.004	-0.004	-0.002	0	0	0	-0.001	-0.002	-0.004	-0.003	-0.003	-0.002	-0.003	-0.003	-0.003	-0.004
11	1K 9hrpi 2	1	11	159.99	4	1.774	2.25	1.23	40	230	3.264	0.192	 Measure 	 USB2G5551 B2345 	 0.999107/1.75/80/16 	5.214	4.983	4.808	4.52	4.242	4.035	3.755	3.574	3.483	3.363	3.264	3.193	3.084	2.954	2.792	2.71	2.631	2.598	2.6	2.639	2.703	2.746	2.817	2.919	2.996	3.108	3.205	3.272	3.38	3.474	3.529	3.612	3.729	3.798	3.89	3.952	3.984	4.016	4.023	4.011	4	3.97	3.928	3.885	3.793	3.667	3.581	3.453	3.313	3.218	3.093	2.967	2.879	2.737	2.6	2.461	2.355	2.189	2.024	1.918	1.774	1.63	1.534	1.394	1.274	1.161	1.082	0.962	0.851	0.786	0.691	0.59	0.528	0.446	0.373	0.309	0.27	0.225	0.185	0.164	0.133	0.108	0.083	0.069	0.052	0.039	0.029	0.021	0.013	0.004	0.002	-0.001	-0.001	0	0	-0.003	-0.004	-0.005	-0.004	-0.005	-0.006	-0.007	-0.008	-0.008	-0.008	-0.008	-0.006	-0.006	-0.002	-0.003	-0.001	0	-0.001	0.001	-0.001	-0.003	-0.004	-0.005	-0.002	0	0	-0.002	-0.005	-0.005	-0.004	-0.004	-0.009	-0.01	-0.01	-0.009	-0.008
12	1K 9hrpi 3	1	12	214.11	5.353	2.397	2.23	2.46	40	230	2.176	0.192	 Measure 	 USB2G5551 B2345 	 0.999107/1.75/80/16 	3.219	2.974	2.814	2.603	2.436	2.349	2.25	2.2	2.186	2.173	2.176	2.184	2.208	2.248	2.324	2.391	2.509	2.657	2.777	2.997	3.205	3.314	3.472	3.665	3.809	4	4.16	4.271	4.442	4.589	4.672	4.791	4.952	5.05	5.174	5.267	5.318	5.37	5.384	5.373	5.353	5.317	5.262	5.202	5.077	4.906	4.789	4.623	4.438	4.319	4.154	3.99	3.872	3.688	3.505	3.322	3.182	2.956	2.735	2.592	2.397	2.204	2.073	1.88	1.716	1.563	1.456	1.291	1.141	1.053	0.924	0.794	0.711	0.604	0.509	0.423	0.374	0.316	0.262	0.231	0.188	0.151	0.116	0.097	0.075	0.058	0.045	0.034	0.022	0.014	0.013	0.009	0.004	0.005	0.006	0.007	0.007	0.007	0.005	0.006	0.007	0.003	-0.001	-0.003	-0.003	-0.004	-0.004	-0.005	-0.003	-0.002	-0.001	0.001	0.003	0.004	0.002	0.002	0.001	0	0.001	-0.001	0	-0.001	-0.004	-0.008	-0.008	-0.008	-0.01	-0.012	-0.013	-0.013	-0.009
13	1K 12hrpi 1	2	1	221.37	5.534	2.49	2.22	2.48	40	230	2.228	0.166	 Measure 	 USB2G5551 B2345 	 0.999107/1.75/80/16 	3.253	3.003	2.852	2.652	2.478	2.387	2.293	2.245	2.234	2.225	2.228	2.237	2.265	2.308	2.393	2.463	2.585	2.742	2.868	3.098	3.314	3.427	3.59	3.79	3.936	4.129	4.293	4.406	4.58	4.732	4.818	4.94	5.103	5.205	5.337	5.431	5.484	5.539	5.557	5.549	5.534	5.491	5.43	5.372	5.248	5.07	4.947	4.779	4.591	4.471	4.307	4.135	4.016	3.826	3.637	3.445	3.298	3.067	2.838	2.693	2.49	2.286	2.153	1.956	1.786	1.626	1.518	1.348	1.194	1.106	0.973	0.837	0.753	0.643	0.544	0.456	0.405	0.344	0.287	0.256	0.21	0.171	0.134	0.113	0.089	0.071	0.061	0.051	0.041	0.031	0.027	0.024	0.023	0.021	0.017	0.016	0.017	0.016	0.014	0.009	0.006	0.007	0.009	0.009	0.009	0.009	0.01	0.009	0.011	0.01	0.006	0.006	0.008	0.008	0.005	0.004	0.004	0.002	0.003	0.002	0	-0.002	0	0	-0.001	-0.003	-0.005	-0.007	-0.006	-0.006	-0.008
14	1K 12hrpi 2	2	2	169.5	4.237	1.9	2.23	2.52	40	230	1.68	0.186	 Measure 	 USB2G5551 B2345 	 0.999107/1.75/80/16 	2.515	2.306	2.182	2.022	1.884	1.812	1.732	1.695	1.684	1.677	1.68	1.687	1.71	1.744	1.809	1.867	1.966	2.089	2.186	2.36	2.529	2.616	2.743	2.896	3.008	3.151	3.274	3.362	3.496	3.612	3.677	3.772	3.905	3.991	4.101	4.179	4.216	4.249	4.259	4.252	4.237	4.207	4.16	4.114	4.024	3.894	3.804	3.671	3.525	3.429	3.297	3.164	3.069	2.923	2.779	2.633	2.521	2.342	2.167	2.053	1.9	1.744	1.638	1.485	1.353	1.232	1.146	1.013	0.894	0.826	0.726	0.621	0.557	0.472	0.399	0.334	0.294	0.249	0.208	0.184	0.151	0.123	0.096	0.083	0.065	0.051	0.043	0.033	0.023	0.016	0.016	0.015	0.013	0.012	0.011	0.014	0.014	0.012	0.009	0.007	0.006	0.006	0.007	0.007	0.006	0.005	0.008	0.007	0.011	0.01	0.006	0.006	0.011	0.011	0.01	0.007	0.007	0.006	0.006	0.004	0	-0.001	-0.002	-0.001	-0.001	-0.001	-0.002	-0.001	0	0.001	-0.001
15	1K 12hrpi 3	2	3	195.97	4.899	2.179	2.25	2.37	40	230	2.067	0.204	 Measure 	 USB2G5551 B2345 	 0.999107/1.75/80/16 	3.097	2.862	2.721	2.522	2.356	2.264	2.151	2.102	2.086	2.072	2.067	2.072	2.088	2.118	2.18	2.233	2.33	2.463	2.569	2.763	2.949	3.048	3.195	3.37	3.5	3.666	3.811	3.91	4.066	4.197	4.274	4.386	4.53	4.623	4.745	4.831	4.873	4.918	4.926	4.914	4.899	4.862	4.81	4.756	4.648	4.497	4.388	4.233	4.064	3.953	3.8	3.646	3.537	3.367	3.199	3.031	2.903	2.696	2.493	2.36	2.179	1.999	1.877	1.7	1.549	1.409	1.312	1.162	1.026	0.946	0.829	0.705	0.63	0.531	0.444	0.366	0.321	0.267	0.218	0.191	0.152	0.12	0.09	0.073	0.053	0.04	0.032	0.024	0.016	0.007	0.007	0.006	0.004	0.002	0.002	0.001	0	-0.001	-0.003	-0.005	-0.006	-0.005	-0.004	-0.003	-0.001	0	0.002	0.003	0.005	0.004	0.002	0.002	0.004	0.006	0.004	0.001	0.001	0	0.003	0.001	0	-0.001	-0.003	-0.004	-0.004	-0.004	-0.004	-0.005	-0.007	-0.005	-0.004
16	1K 1dpi 1	2	4	254.04	6.351	2.839	2.24	2.58	40	230	2.464	0.201	 Measure 	 USB2G5551 B2345 	 0.999107/1.75/80/16 	3.57	3.285	3.108	2.882	2.698	2.605	2.507	2.467	2.457	2.455	2.464	2.479	2.518	2.578	2.684	2.772	2.922	3.109	3.258	3.527	3.777	3.912	4.103	4.332	4.504	4.727	4.917	5.05	5.252	5.425	5.523	5.664	5.852	5.967	6.119	6.227	6.294	6.366	6.383	6.375	6.351	6.301	6.233	6.165	6.013	5.813	5.675	5.478	5.266	5.126	4.931	4.735	4.595	4.375	4.159	3.939	3.774	3.507	3.243	3.074	2.839	2.605	2.447	2.219	2.019	1.835	1.709	1.513	1.332	1.227	1.074	0.917	0.82	0.692	0.577	0.477	0.419	0.352	0.288	0.252	0.201	0.157	0.119	0.094	0.069	0.05	0.038	0.026	0.015	0.007	0.006	0.005	0.001	-0.001	-0.002	-0.002	0.002	0.001	-0.003	-0.004	-0.005	-0.006	-0.003	-0.006	-0.006	-0.006	-0.006	-0.007	-0.002	-0.003	-0.005	-0.004	-0.004	-0.004	-0.004	-0.004	-0.003	-0.002	0	-0.001	0	0	0	-0.002	-0.002	-0.005	-0.006	-0.007	-0.009	-0.01	-0.009
17	1K 1dpi 2	2	5	187.29	4.682	2.077	2.25	2.53	40	230	1.848	0.194	 Measure 	 USB2G5551 B2345 	 0.999107/1.75/80/16 	2.735	2.511	2.378	2.2	2.052	1.977	1.898	1.861	1.851	1.844	1.848	1.856	1.882	1.919	1.997	2.058	2.164	2.3	2.412	2.605	2.789	2.884	3.022	3.192	3.314	3.477	3.614	3.713	3.862	3.994	4.067	4.174	4.32	4.413	4.53	4.612	4.657	4.697	4.708	4.696	4.682	4.649	4.595	4.549	4.444	4.301	4.197	4.052	3.888	3.782	3.635	3.487	3.384	3.22	3.058	2.896	2.771	2.575	2.379	2.252	2.077	1.902	1.786	1.617	1.469	1.332	1.237	1.091	0.96	0.886	0.773	0.657	0.586	0.494	0.414	0.341	0.297	0.247	0.2	0.175	0.139	0.107	0.076	0.062	0.044	0.032	0.024	0.017	0.008	0	0.001	-0.001	-0.003	-0.003	-0.002	-0.006	-0.004	-0.003	-0.003	-0.007	-0.005	-0.008	-0.007	-0.006	-0.007	-0.009	-0.008	-0.008	-0.007	-0.007	-0.007	-0.005	-0.002	0	-0.001	-0.002	0	0	0.001	0	0	-0.004	-0.005	-0.006	-0.005	-0.008	-0.011	-0.011	-0.013	-0.01	-0.009
18	1K 1dpi 3	2	6	192.21	4.805	2.156	2.23	2.44	40	230	1.967	0.145	 Measure 	 USB2G5551 B2345 	 0.999107/1.75/80/16 	2.857	2.632	2.495	2.307	2.167	2.096	2.014	1.982	1.972	1.964	1.967	1.975	1.999	2.034	2.1	2.157	2.262	2.398	2.506	2.704	2.893	2.991	3.13	3.301	3.433	3.6	3.742	3.841	3.992	4.123	4.198	4.306	4.441	4.53	4.642	4.726	4.772	4.819	4.829	4.82	4.805	4.768	4.718	4.664	4.553	4.401	4.296	4.15	3.991	3.884	3.737	3.589	3.483	3.32	3.156	2.989	2.861	2.658	2.46	2.331	2.156	1.981	1.863	1.695	1.55	1.414	1.319	1.175	1.041	0.963	0.849	0.73	0.657	0.562	0.476	0.4	0.355	0.301	0.253	0.224	0.186	0.153	0.12	0.101	0.082	0.069	0.059	0.053	0.045	0.038	0.037	0.033	0.03	0.026	0.021	0.015	0.011	0.008	0.005	0.002	-0.001	-0.003	-0.001	-0.003	-0.001	-0.002	0.001	0.002	0.006	0.007	0.006	0.006	0.007	0.01	0.006	0.007	0.009	0.009	0.006	0.006	0	-0.002	-0.001	-0.002	-0.004	-0.005	-0.004	-0.005	-0.004	-0.002	-0.005
19	1K 2dpi 1	2	7	172.01	4.3	1.919	2.24	2.35	40	230	1.829	0.175	 Measure 	 USB2G5551 B2345 	 0.999107/1.75/80/16 	2.737	2.53	2.396	2.222	2.083	2.004	1.909	1.863	1.85	1.833	1.829	1.83	1.842	1.865	1.914	1.959	2.042	2.159	2.252	2.423	2.585	2.67	2.796	2.948	3.059	3.207	3.332	3.419	3.554	3.669	3.735	3.833	3.966	4.045	4.152	4.231	4.271	4.311	4.323	4.315	4.3	4.267	4.218	4.172	4.074	3.941	3.847	3.711	3.563	3.466	3.334	3.201	3.104	2.955	2.808	2.659	2.546	2.365	2.189	2.074	1.919	1.762	1.655	1.499	1.368	1.244	1.159	1.029	0.907	0.837	0.737	0.634	0.566	0.48	0.401	0.333	0.294	0.246	0.204	0.179	0.146	0.118	0.09	0.075	0.058	0.046	0.037	0.033	0.025	0.017	0.017	0.014	0.009	0.009	0.008	0.006	0.006	0.007	0.005	0.004	0.004	0.005	0.007	0.004	0.002	0	0.004	0.003	0.005	0.002	0	0.002	0.004	0.005	0.003	0.002	0.003	0.001	-0.002	0	0	-0.001	-0.001	-0.004	-0.004	-0.006	-0.004	-0.006	-0.008	-0.009	-0.008
20	1K 2dpi 2	2	8	133.69	3.342	1.493	2.24	2.26	40	230	1.477	0.188	 Measure 	 USB2G5551 B2345 	 0.999107/1.75/80/16 	2.273	2.103	1.998	1.854	1.724	1.65	1.559	1.514	1.499	1.485	1.477	1.475	1.483	1.499	1.535	1.57	1.633	1.712	1.781	1.904	2.023	2.089	2.183	2.298	2.378	2.49	2.589	2.659	2.766	2.856	2.91	2.989	3.106	3.174	3.258	3.313	3.342	3.362	3.364	3.356	3.342	3.319	3.283	3.248	3.173	3.077	3.004	2.899	2.781	2.701	2.597	2.489	2.416	2.3	2.185	2.068	1.981	1.843	1.705	1.616	1.493	1.368	1.285	1.164	1.062	0.964	0.898	0.795	0.703	0.648	0.57	0.489	0.438	0.372	0.311	0.258	0.225	0.189	0.153	0.133	0.106	0.084	0.064	0.051	0.039	0.03	0.024	0.019	0.012	0.005	0.005	0.002	0.002	0.002	0	0.002	0.003	0.004	0.004	0.002	0.003	-0.001	0.001	0.002	0	-0.003	0	-0.002	0.001	0.002	0.001	-0.002	0.002	0.004	0.002	0.002	0	-0.001	0.001	0.001	0	-0.003	-0.003	-0.004	-0.007	-0.009	-0.011	-0.013	-0.015	-0.016	-0.014
21	1K 2dpi 3	2	9	135.07	3.377	1.504	2.25	2.19	40	230	1.54	0.134	 Measure 	 USB2G5551 B2345 	 0.999107/1.75/80/16 	2.396	2.213	2.106	1.955	1.816	1.739	1.644	1.59	1.571	1.55	1.54	1.532	1.535	1.541	1.563	1.591	1.652	1.73	1.795	1.923	2.041	2.106	2.203	2.321	2.406	2.523	2.622	2.691	2.799	2.891	2.942	3.019	3.125	3.187	3.27	3.328	3.36	3.388	3.398	3.388	3.377	3.354	3.318	3.282	3.203	3.1	3.026	2.921	2.802	2.726	2.618	2.512	2.438	2.32	2.204	2.087	1.999	1.855	1.719	1.626	1.504	1.378	1.294	1.172	1.069	0.972	0.903	0.802	0.707	0.654	0.574	0.487	0.435	0.367	0.306	0.253	0.222	0.184	0.151	0.132	0.104	0.082	0.059	0.045	0.031	0.021	0.015	0.012	0.007	0.001	0.001	-0.002	-0.004	-0.003	-0.002	-0.005	-0.005	-0.005	-0.007	-0.009	-0.011	-0.011	-0.011	-0.011	-0.012	-0.014	-0.011	-0.01	-0.006	-0.006	-0.006	-0.007	-0.006	-0.003	-0.005	-0.006	-0.007	-0.007	-0.005	-0.002	0	-0.002	-0.004	-0.004	-0.007	-0.009	-0.012	-0.015	-0.018	-0.018	-0.018
22	1K 3dpi 1	2	10	178.2	4.455	1.999	2.23	1.99	40	230	2.235	0.166	 Measure 	 USB2G5551 B2345 	 0.999107/1.75/80/16 	3.44	3.204	3.06	2.857	2.666	2.553	2.408	2.329	2.301	2.263	2.235	2.22	2.208	2.2	2.205	2.219	2.267	2.358	2.436	2.587	2.733	2.813	2.935	3.086	3.192	3.335	3.465	3.552	3.689	3.809	3.877	3.977	4.121	4.209	4.316	4.395	4.432	4.47	4.48	4.469	4.455	4.422	4.371	4.324	4.226	4.089	3.989	3.847	3.692	3.592	3.455	3.316	3.219	3.065	2.914	2.759	2.643	2.457	2.278	2.161	1.999	1.837	1.728	1.57	1.436	1.307	1.216	1.079	0.953	0.88	0.777	0.666	0.597	0.509	0.43	0.361	0.32	0.27	0.223	0.198	0.161	0.13	0.103	0.084	0.064	0.051	0.04	0.031	0.023	0.014	0.011	0.009	0.006	0.005	0.004	0.001	0.001	0.002	0.002	-0.002	-0.004	-0.003	0	0.001	-0.001	-0.002	-0.002	-0.001	0.002	-0.001	-0.001	-0.001	0	0.001	-0.002	-0.003	-0.001	0	-0.001	0.001	0	0.001	0	-0.002	-0.006	-0.011	-0.012	-0.016	-0.018	-0.019	-0.016
23	1K 3dpi 2	2	11	113.64	2.841	1.245	2.28	2.39	40	230	1.186	0.148	 Measure 	 USB2G5551 B2345 	 0.999107/1.75/80/16 	1.813	1.669	1.577	1.457	1.352	1.296	1.236	1.203	1.195	1.186	1.186	1.188	1.202	1.22	1.254	1.288	1.346	1.424	1.482	1.591	1.695	1.753	1.84	1.941	2.011	2.108	2.192	2.252	2.344	2.421	2.465	2.534	2.627	2.687	2.762	2.813	2.838	2.853	2.857	2.85	2.841	2.818	2.788	2.756	2.693	2.614	2.553	2.462	2.359	2.288	2.196	2.105	2.04	1.939	1.838	1.736	1.662	1.544	1.423	1.345	1.245	1.142	1.071	0.97	0.883	0.804	0.748	0.659	0.576	0.53	0.463	0.388	0.343	0.283	0.233	0.19	0.164	0.133	0.106	0.091	0.072	0.054	0.037	0.028	0.018	0.01	0.005	0.001	-0.002	-0.004	-0.003	-0.006	-0.008	-0.006	-0.007	-0.007	-0.007	-0.009	-0.011	-0.009	-0.009	-0.012	-0.01	-0.008	-0.006	-0.005	-0.004	-0.006	-0.004	-0.002	-0.003	-0.003	-0.001	-0.001	-0.004	-0.001	0.002	-0.001	0.002	0.002	0	-0.002	-0.005	-0.009	-0.011	-0.011	-0.013	-0.016	-0.016	-0.013	-0.012
24	1K 3dpi 3	2	12	135.94	3.399	1.509	2.25	2.18	40	230	1.56	0.161	 Measure 	 USB2G5551 B2345 	 0.999107/1.75/80/16 	2.372	2.193	2.088	1.939	1.804	1.734	1.649	1.606	1.589	1.57	1.56	1.557	1.564	1.571	1.595	1.622	1.683	1.767	1.834	1.956	2.078	2.144	2.244	2.357	2.438	2.549	2.647	2.718	2.823	2.913	2.965	3.043	3.152	3.222	3.308	3.365	3.391	3.413	3.418	3.41	3.399	3.37	3.334	3.297	3.223	3.123	3.05	2.94	2.822	2.741	2.635	2.53	2.453	2.335	2.217	2.098	2.01	1.868	1.727	1.635	1.509	1.383	1.299	1.175	1.073	0.973	0.904	0.801	0.705	0.651	0.572	0.489	0.437	0.37	0.312	0.261	0.23	0.192	0.157	0.138	0.111	0.09	0.067	0.054	0.038	0.03	0.025	0.02	0.013	0.007	0.006	0.004	0.002	0.002	0.001	-0.001	-0.001	-0.001	-0.002	-0.003	-0.002	-0.005	-0.005	-0.004	-0.006	-0.007	-0.006	-0.005	0	0.002	0.002	0.001	0.003	0.005	0.004	0.003	0.002	0.001	0	0.001	0	-0.004	-0.007	-0.01	-0.012	-0.014	-0.017	-0.02	-0.022	-0.02	-0.019
25	1K 4dpi 1	3	1	125.77	3.144	1.422	2.21	2.33	40	230	1.349	0.176	 Measure 	 USB2G5551 B2345 	 0.999107/1.75/80/16 	2.053	1.895	1.799	1.664	1.547	1.487	1.411	1.375	1.365	1.352	1.349	1.35	1.363	1.381	1.42	1.454	1.514	1.595	1.662	1.777	1.891	1.954	2.046	2.155	2.23	2.337	2.43	2.496	2.595	2.679	2.728	2.804	2.912	2.976	3.057	3.114	3.142	3.159	3.161	3.156	3.144	3.12	3.084	3.051	2.983	2.895	2.825	2.726	2.62	2.547	2.452	2.353	2.285	2.175	2.068	1.961	1.878	1.749	1.618	1.534	1.422	1.306	1.228	1.113	1.016	0.923	0.859	0.763	0.674	0.623	0.551	0.474	0.426	0.364	0.309	0.259	0.229	0.195	0.163	0.146	0.121	0.099	0.077	0.065	0.05	0.042	0.033	0.027	0.021	0.015	0.014	0.013	0.013	0.012	0.012	0.013	0.012	0.013	0.011	0.007	0.004	0	0.002	0.001	0	-0.001	0.001	0.003	0.006	0.007	0.006	0.006	0.009	0.007	0.007	0.007	0.004	0.002	0	0	0	-0.001	-0.005	-0.004	-0.006	-0.006	-0.009	-0.01	-0.012	-0.01	-0.01
26	1K 4dpi 2	3	2	122.08	3.052	1.344	2.27	2.24	40	230	1.365	0.156	 Measure 	 USB2G5551 B2345 	 0.999107/1.75/80/16 	2.097	1.944	1.844	1.706	1.585	1.523	1.443	1.402	1.389	1.372	1.365	1.363	1.369	1.379	1.406	1.434	1.486	1.565	1.626	1.737	1.845	1.904	1.992	2.096	2.169	2.268	2.358	2.422	2.519	2.602	2.65	2.721	2.828	2.891	2.969	3.019	3.045	3.066	3.07	3.062	3.052	3.03	2.997	2.964	2.896	2.81	2.744	2.648	2.538	2.464	2.368	2.271	2.202	2.095	1.985	1.879	1.798	1.668	1.542	1.457	1.344	1.232	1.158	1.048	0.954	0.868	0.808	0.717	0.629	0.58	0.508	0.431	0.383	0.321	0.266	0.217	0.187	0.152	0.121	0.105	0.082	0.062	0.044	0.034	0.025	0.016	0.011	0.008	0.007	0	0	-0.001	-0.002	-0.002	-0.002	-0.004	-0.006	-0.007	-0.008	-0.01	-0.01	-0.012	-0.011	-0.012	-0.01	-0.011	-0.009	-0.009	-0.006	-0.007	-0.007	-0.005	-0.004	0	-0.001	-0.003	-0.003	-0.005	-0.001	0	0	-0.003	-0.007	-0.009	-0.01	-0.012	-0.015	-0.019	-0.022	-0.02	-0.017
27	1K 4dpi 3	3	3	125.56	3.139	1.392	2.25	2.28	40	230	1.376	0.147	 Measure 	 USB2G5551 B2345 	 0.999107/1.75/80/16 	2.121	1.955	1.859	1.726	1.601	1.539	1.454	1.413	1.397	1.383	1.376	1.374	1.383	1.394	1.427	1.456	1.515	1.592	1.656	1.769	1.881	1.941	2.034	2.143	2.217	2.322	2.415	2.481	2.582	2.669	2.718	2.793	2.903	2.971	3.05	3.106	3.132	3.153	3.157	3.15	3.139	3.117	3.088	3.053	2.984	2.89	2.82	2.717	2.604	2.527	2.429	2.331	2.261	2.154	2.045	1.936	1.855	1.723	1.593	1.508	1.392	1.277	1.199	1.088	0.993	0.902	0.839	0.742	0.652	0.603	0.531	0.452	0.401	0.336	0.28	0.232	0.203	0.168	0.133	0.116	0.094	0.073	0.056	0.045	0.031	0.025	0.018	0.015	0.007	0	-0.002	-0.005	-0.008	-0.009	-0.008	-0.009	-0.009	-0.007	-0.006	-0.005	-0.003	-0.006	-0.005	-0.005	-0.004	-0.006	-0.004	-0.003	-0.002	-0.001	-0.002	-0.001	-0.001	-0.001	-0.003	-0.004	-0.004	-0.004	-0.002	-0.001	0	-0.003	-0.005	-0.007	-0.007	-0.008	-0.01	-0.012	-0.013	-0.013	-0.011
28	1K 5dpi 1	3	4	96.64	2.416	1.057	2.29	2.27	40	230	1.065	0.132	 Measure 	 USB2G5551 B2345 	 0.999107/1.75/80/16 	1.664	1.541	1.464	1.354	1.259	1.205	1.135	1.098	1.087	1.073	1.065	1.063	1.067	1.075	1.094	1.118	1.158	1.219	1.266	1.353	1.439	1.487	1.558	1.641	1.697	1.78	1.854	1.906	1.985	2.05	2.089	2.149	2.237	2.287	2.349	2.39	2.41	2.423	2.426	2.422	2.416	2.398	2.374	2.347	2.296	2.228	2.173	2.095	2.007	1.947	1.868	1.79	1.735	1.651	1.567	1.481	1.416	1.314	1.213	1.146	1.057	0.967	0.906	0.819	0.747	0.678	0.63	0.559	0.49	0.452	0.395	0.333	0.295	0.246	0.204	0.165	0.142	0.115	0.088	0.075	0.056	0.042	0.025	0.018	0.011	0.006	0.004	0.001	-0.003	-0.009	-0.008	-0.01	-0.012	-0.012	-0.014	-0.012	-0.011	-0.012	-0.014	-0.018	-0.018	-0.019	-0.017	-0.018	-0.015	-0.013	-0.009	-0.007	-0.002	0	0	0.001	0.001	0	-0.002	-0.002	0	0	0.001	0.001	0	0	-0.003	-0.003	-0.006	-0.008	-0.01	-0.012	-0.012	-0.012	-0.012
29	1K 5dpi 2	3	5	40.97	1.024	0.493	2.08	0.6	40	230	1.704	0.233	 Measure 	 USB2G5551 B2345 	 0.999107/1.75/80/16 	2.805	2.689	2.6	2.453	2.289	2.178	2.013	1.902	1.848	1.771	1.704	1.654	1.577	1.477	1.343	1.264	1.169	1.091	1.048	0.985	0.948	0.938	0.931	0.925	0.918	0.921	0.93	0.94	0.955	0.966	0.975	0.992	1.025	1.04	1.056	1.06	1.059	1.045	1.036	1.028	1.024	1.016	1.007	0.995	0.974	0.957	0.936	0.908	0.874	0.847	0.813	0.784	0.761	0.725	0.689	0.655	0.628	0.587	0.55	0.525	0.493	0.459	0.436	0.4	0.374	0.35	0.329	0.3	0.27	0.256	0.235	0.211	0.195	0.173	0.155	0.14	0.131	0.12	0.108	0.102	0.093	0.086	0.077	0.072	0.068	0.064	0.06	0.058	0.052	0.047	0.048	0.045	0.041	0.04	0.038	0.035	0.036	0.034	0.03	0.028	0.028	0.023	0.026	0.025	0.023	0.021	0.021	0.02	0.02	0.018	0.017	0.017	0.019	0.018	0.016	0.014	0.013	0.009	0.005	0.002	0	-0.003	-0.007	-0.009	-0.009	-0.01	-0.011	-0.014	-0.018	-0.019	-0.018
30	1K 5dpi 3	3	6	101.48	2.537	1.112	2.28	1.9	40	230	1.334	0.124	 Measure 	 USB2G5551 B2345 	 0.999107/1.75/80/16 	2.108	1.96	1.867	1.735	1.619	1.549	1.453	1.397	1.377	1.352	1.334	1.325	1.317	1.308	1.307	1.317	1.343	1.386	1.427	1.496	1.569	1.609	1.676	1.757	1.813	1.892	1.962	2.014	2.096	2.166	2.206	2.268	2.358	2.414	2.481	2.522	2.543	2.552	2.551	2.546	2.537	2.518	2.49	2.463	2.406	2.338	2.283	2.2	2.11	2.047	1.966	1.888	1.829	1.738	1.648	1.557	1.489	1.382	1.276	1.206	1.112	1.018	0.954	0.863	0.787	0.714	0.663	0.586	0.513	0.472	0.413	0.348	0.308	0.257	0.21	0.171	0.147	0.121	0.096	0.084	0.066	0.049	0.034	0.026	0.019	0.013	0.008	0.005	0.001	-0.001	-0.001	-0.003	-0.007	-0.007	-0.007	-0.01	-0.01	-0.011	-0.011	-0.009	-0.008	-0.009	-0.006	-0.003	-0.002	-0.006	-0.004	-0.004	-0.003	-0.006	-0.007	-0.008	-0.003	-0.001	0	0	0.001	0.001	0	0.001	0	-0.001	-0.005	-0.008	-0.011	-0.013	-0.014	-0.017	-0.02	-0.021	-0.018
31	1K 6dpi 1	3	7	100.66	2.517	1.148	2.19	0.89	40	230	2.823	0.166	 Measure 	 USB2G5551 B2345 	 0.999107/1.75/80/16 	5.001	4.711	4.535	4.246	3.932	3.706	3.39	3.186	3.08	2.943	2.823	2.734	2.603	2.44	2.234	2.117	1.993	1.912	1.873	1.839	1.834	1.842	1.866	1.907	1.939	1.991	2.043	2.082	2.142	2.198	2.231	2.284	2.363	2.41	2.468	2.506	2.524	2.533	2.531	2.525	2.517	2.499	2.472	2.444	2.39	2.32	2.269	2.189	2.105	2.047	1.968	1.889	1.835	1.748	1.662	1.577	1.51	1.404	1.302	1.237	1.148	1.055	0.992	0.899	0.825	0.751	0.699	0.621	0.55	0.51	0.453	0.392	0.352	0.304	0.26	0.219	0.195	0.167	0.138	0.124	0.102	0.083	0.066	0.058	0.046	0.039	0.034	0.03	0.021	0.013	0.01	0.009	0.007	0.007	0.005	0.003	0.006	0.007	0.007	0.004	0.005	0.002	0.004	0.005	0.004	0.002	0.005	0.005	0.007	0.005	0.002	0	0.001	0.003	-0.001	-0.002	-0.002	-0.002	0	0	0	0	-0.002	-0.005	-0.005	-0.008	-0.011	-0.013	-0.017	-0.018	-0.016
32	1K 6dpi 2	3	8	35.84	0.896	0.412	2.18	0.4	40	230	2.268	0.127	 Measure 	 USB2G5551 B2345 	 0.999107/1.75/80/16 	4.27	4.059	3.9	3.643	3.35	3.147	2.844	2.644	2.538	2.395	2.268	2.173	2.029	1.841	1.593	1.449	1.279	1.143	1.067	0.954	0.884	0.857	0.833	0.812	0.799	0.793	0.792	0.796	0.804	0.814	0.822	0.837	0.864	0.879	0.901	0.91	0.912	0.905	0.902	0.899	0.896	0.888	0.881	0.87	0.857	0.841	0.823	0.796	0.764	0.742	0.712	0.684	0.663	0.63	0.599	0.566	0.542	0.503	0.466	0.443	0.412	0.379	0.355	0.32	0.294	0.268	0.247	0.217	0.188	0.172	0.152	0.128	0.112	0.091	0.078	0.064	0.056	0.048	0.035	0.031	0.024	0.02	0.013	0.009	0.002	0.001	-0.001	0.003	0.002	-0.004	-0.002	0.001	0	0	0.001	-0.003	-0.002	-0.001	-0.001	-0.005	-0.006	-0.009	-0.006	-0.006	-0.005	-0.006	-0.005	-0.004	0	0.001	0	0	0.001	0.005	0.004	0.003	0.004	0.002	0.002	0.003	0	-0.003	-0.006	-0.007	-0.01	-0.012	-0.014	-0.016	-0.017	-0.017	-0.016
33	1K 6dpi 3	3	9	65.45	1.636	0.759	2.16	0.67	40	230	2.444	0.186	 Measure 	 USB2G5551 B2345 	 0.999107/1.75/80/16 	4.375	4.167	3.996	3.732	3.441	3.251	2.968	2.783	2.687	2.556	2.444	2.36	2.233	2.074	1.861	1.74	1.598	1.499	1.446	1.379	1.343	1.333	1.335	1.345	1.351	1.37	1.394	1.412	1.445	1.475	1.493	1.525	1.578	1.607	1.642	1.659	1.665	1.659	1.651	1.643	1.636	1.623	1.607	1.59	1.556	1.52	1.484	1.432	1.375	1.336	1.286	1.237	1.201	1.143	1.088	1.034	0.991	0.922	0.857	0.815	0.759	0.7	0.66	0.601	0.556	0.509	0.474	0.424	0.378	0.353	0.318	0.279	0.251	0.219	0.193	0.166	0.15	0.132	0.111	0.102	0.088	0.077	0.064	0.057	0.048	0.043	0.037	0.036	0.031	0.025	0.026	0.024	0.022	0.023	0.02	0.018	0.019	0.019	0.017	0.015	0.016	0.015	0.019	0.017	0.015	0.013	0.011	0.011	0.011	0.011	0.007	0.006	0.01	0.009	0.006	0.004	0.003	0.001	0.003	0.004	0	-0.001	-0.004	-0.008	-0.011	-0.013	-0.017	-0.02	-0.022	-0.022	-0.018
34	1K 7dpi 1	3	10	99.44	2.486	1.105	2.25	0.76	40	230	3.287	0.178	 Measure 	 USB2G5551 B2345 	 0.999107/1.75/80/16 	5.826	5.525	5.305	4.977	4.613	4.349	3.98	3.733	3.604	3.435	3.287	3.174	3.004	2.793	2.52	2.365	2.189	2.067	2.009	1.941	1.911	1.909	1.918	1.949	1.973	2.015	2.058	2.091	2.146	2.196	2.229	2.274	2.349	2.391	2.445	2.479	2.496	2.501	2.501	2.497	2.486	2.465	2.439	2.411	2.359	2.29	2.234	2.153	2.069	2.012	1.934	1.856	1.802	1.716	1.63	1.543	1.477	1.369	1.266	1.199	1.105	1.015	0.953	0.865	0.792	0.723	0.674	0.601	0.532	0.491	0.436	0.373	0.333	0.283	0.239	0.197	0.173	0.146	0.118	0.106	0.087	0.072	0.055	0.045	0.033	0.026	0.023	0.019	0.012	0.006	0.006	0.004	0.001	0.001	-0.002	-0.004	-0.005	-0.004	-0.007	-0.006	-0.007	-0.01	-0.008	-0.007	-0.007	-0.01	-0.007	-0.007	-0.004	-0.002	-0.003	-0.002	0	0.004	0.001	0	0.002	0.002	0.002	0.003	0	-0.003	-0.006	-0.008	-0.011	-0.012	-0.014	-0.016	-0.016	-0.017	-0.017
35	1K 7dpi 2	3	11	97.19	2.43	1.078	2.25	1.91	40	230	1.271	0.153	 Measure 	 USB2G5551 B2345 	 0.999107/1.75/80/16 	2.018	1.872	1.781	1.655	1.54	1.471	1.38	1.33	1.312	1.289	1.271	1.261	1.251	1.24	1.237	1.243	1.26	1.303	1.342	1.414	1.491	1.533	1.603	1.682	1.738	1.815	1.884	1.933	2.01	2.074	2.111	2.169	2.254	2.307	2.37	2.414	2.435	2.445	2.443	2.439	2.43	2.408	2.384	2.357	2.303	2.238	2.186	2.105	2.021	1.965	1.887	1.811	1.758	1.671	1.585	1.504	1.439	1.334	1.232	1.166	1.078	0.991	0.931	0.842	0.771	0.702	0.654	0.581	0.513	0.473	0.418	0.357	0.32	0.271	0.225	0.187	0.162	0.135	0.11	0.097	0.075	0.06	0.046	0.038	0.028	0.023	0.016	0.013	0.009	0.006	0.007	0.004	0	0	-0.002	-0.003	-0.004	-0.006	-0.011	-0.011	-0.01	-0.012	-0.009	-0.01	-0.008	-0.007	-0.004	-0.003	-0.001	0	-0.002	-0.001	0.001	0.003	0	0.001	0.002	0.003	0.004	0.003	0	-0.004	-0.005	-0.009	-0.01	-0.012	-0.014	-0.015	-0.015	-0.016	-0.014
36	1K 7dpi 3	3	12	129.47	3.237	1.445	2.24	2.12	40	230	1.525	0.139	 Measure 	 USB2G5551 B2345 	 0.999107/1.75/80/16 	2.375	2.211	2.101	1.946	1.81	1.732	1.633	1.583	1.563	1.537	1.525	1.519	1.519	1.52	1.539	1.56	1.606	1.679	1.741	1.855	1.966	2.029	2.119	2.23	2.307	2.414	2.508	2.574	2.676	2.764	2.816	2.892	3.006	3.074	3.157	3.212	3.239	3.254	3.257	3.248	3.237	3.212	3.177	3.143	3.071	2.979	2.906	2.801	2.688	2.611	2.51	2.409	2.34	2.227	2.116	2.005	1.919	1.782	1.65	1.565	1.445	1.33	1.252	1.136	1.038	0.949	0.884	0.785	0.694	0.64	0.566	0.488	0.437	0.372	0.315	0.265	0.235	0.199	0.164	0.146	0.121	0.098	0.077	0.063	0.047	0.036	0.029	0.024	0.017	0.009	0.007	0.005	0.002	0.003	0.001	-0.003	-0.003	-0.001	-0.002	-0.003	-0.002	-0.003	0.002	0.004	0.004	0.003	0.005	0.006	0.007	0.007	0.004	0.005	0.007	0.007	0.003	0.001	0.003	0.002	0.001	0.002	0	-0.003	-0.004	-0.002	-0.003	-0.003	-0.005	-0.007	-0.01	-0.01	-0.008
37	1K 8dpi 1	4	8	84.57	2.114	0.96	2.2	1.99	40	230	1.061	0.153	 Measure 	 USB2G5551 B2345 	 0.999107/1.75/80/16 	1.671	1.553	1.476	1.371	1.27	1.216	1.144	1.103	1.088	1.071	1.061	1.054	1.054	1.054	1.062	1.077	1.106	1.147	1.183	1.246	1.312	1.35	1.406	1.474	1.517	1.583	1.647	1.691	1.757	1.813	1.847	1.898	1.978	2.025	2.076	2.109	2.124	2.13	2.13	2.124	2.114	2.1	2.079	2.058	2.012	1.959	1.913	1.849	1.776	1.724	1.656	1.59	1.543	1.467	1.393	1.321	1.265	1.178	1.094	1.036	0.96	0.884	0.831	0.754	0.691	0.629	0.586	0.523	0.463	0.429	0.382	0.33	0.298	0.257	0.221	0.188	0.167	0.142	0.118	0.105	0.087	0.069	0.053	0.044	0.038	0.033	0.028	0.026	0.019	0.015	0.017	0.015	0.011	0.011	0.011	0.01	0.009	0.009	0.004	0.003	0.003	0.002	0.005	0.005	0.005	0.003	0.005	0.003	0.006	0.002	0	0.002	0.003	0.005	0.003	0.003	0.001	0.002	0.003	0.002	0	-0.002	-0.004	-0.005	-0.008	-0.009	-0.011	-0.013	-0.013	-0.013	-0.011
38	1K 8dpi 2	4	9	81.3	2.032	0.905	2.25	1.32	40	230	1.538	0.147	 Measure 	 USB2G5551 B2345 	 0.999107/1.75/80/16 	2.57	2.417	2.312	2.16	2.009	1.906	1.76	1.672	1.632	1.581	1.538	1.509	1.467	1.417	1.36	1.329	1.304	1.301	1.312	1.334	1.367	1.389	1.43	1.48	1.515	1.568	1.616	1.653	1.711	1.76	1.788	1.832	1.903	1.943	1.993	2.025	2.04	2.044	2.045	2.04	2.032	2.018	1.996	1.972	1.929	1.876	1.833	1.769	1.696	1.647	1.584	1.518	1.474	1.401	1.327	1.256	1.203	1.115	1.032	0.977	0.905	0.832	0.781	0.709	0.65	0.592	0.551	0.489	0.43	0.398	0.352	0.303	0.271	0.229	0.194	0.161	0.142	0.12	0.097	0.085	0.069	0.057	0.044	0.037	0.031	0.024	0.019	0.019	0.013	0.009	0.01	0.009	0.008	0.01	0.01	0.007	0.009	0.006	0.003	0.003	0	-0.002	-0.001	-0.001	-0.002	-0.003	-0.001	-0.001	0.003	0.004	0.003	0.004	0.006	0.008	0.005	0.002	0.001	0	0.003	0.003	0	-0.004	-0.007	-0.009	-0.009	-0.013	-0.016	-0.018	-0.018	-0.017	-0.013
39	1K 8dpi 3	4	10	84.05	2.101	0.922	2.28	1.87	40	230	1.124	0.138	 Measure 	 USB2G5551 B2345 	 0.999107/1.75/80/16 	1.776	1.658	1.581	1.472	1.364	1.308	1.227	1.181	1.162	1.14	1.124	1.113	1.104	1.091	1.087	1.089	1.107	1.142	1.171	1.231	1.297	1.333	1.388	1.456	1.5	1.565	1.626	1.671	1.736	1.794	1.828	1.88	1.962	2.009	2.065	2.099	2.117	2.119	2.115	2.11	2.101	2.084	2.06	2.035	1.988	1.934	1.889	1.82	1.744	1.694	1.629	1.564	1.516	1.44	1.364	1.29	1.234	1.143	1.053	0.997	0.922	0.845	0.794	0.719	0.656	0.596	0.556	0.491	0.431	0.397	0.348	0.293	0.26	0.216	0.179	0.146	0.126	0.105	0.082	0.072	0.056	0.045	0.032	0.024	0.017	0.014	0.01	0.011	0.006	0.003	0.003	0.001	-0.001	-0.002	-0.003	-0.006	-0.005	-0.007	-0.007	-0.006	-0.005	-0.008	-0.006	-0.004	-0.004	-0.004	-0.002	-0.003	-0.002	-0.001	-0.002	-0.002	0.001	0.001	0.001	0.002	0.004	0.005	0.006	0.004	0	-0.002	-0.006	-0.007	-0.009	-0.009	-0.012	-0.013	-0.014	-0.014	-0.012
40	1K 9dpi 1	4	11	107.1	2.678	1.203	2.23	2.36	40	230	1.135	0.171	 Measure 	 USB2G5551 B2345 	 0.999107/1.75/80/16 	1.728	1.595	1.509	1.395	1.299	1.248	1.183	1.153	1.144	1.137	1.135	1.136	1.146	1.161	1.196	1.224	1.277	1.351	1.407	1.508	1.606	1.66	1.742	1.835	1.896	1.983	2.062	2.118	2.205	2.278	2.32	2.383	2.482	2.541	2.614	2.659	2.681	2.692	2.695	2.688	2.678	2.658	2.631	2.601	2.542	2.472	2.413	2.332	2.236	2.171	2.088	2.004	1.945	1.852	1.76	1.667	1.599	1.485	1.373	1.301	1.203	1.104	1.036	0.936	0.853	0.776	0.723	0.643	0.568	0.525	0.465	0.4	0.36	0.307	0.259	0.214	0.19	0.161	0.133	0.118	0.097	0.08	0.064	0.055	0.042	0.033	0.023	0.02	0.012	0.006	0.006	0.005	0.003	0.003	0.004	0.001	0.002	0.002	-0.002	-0.002	-0.004	-0.006	-0.004	-0.003	-0.002	-0.004	-0.002	-0.003	-0.002	-0.001	-0.001	0	0.004	0.004	0.001	0.003	0.003	0.004	0.004	0.003	0	0	-0.002	-0.002	-0.002	-0.005	-0.006	-0.006	-0.01	-0.008	-0.007
41	1K 9dpi 2	4	12	92.13	2.303	0.999	2.3	1.88	40	230	1.228	0.121	 Measure 	 USB2G5551 B2345 	 0.999107/1.75/80/16 	1.955	1.828	1.741	1.619	1.504	1.436	1.35	1.294	1.274	1.245	1.228	1.215	1.205	1.193	1.183	1.188	1.207	1.245	1.282	1.348	1.417	1.456	1.519	1.594	1.643	1.717	1.781	1.828	1.902	1.964	2	2.055	2.138	2.188	2.25	2.289	2.305	2.314	2.316	2.312	2.303	2.285	2.258	2.232	2.182	2.123	2.068	1.993	1.907	1.851	1.779	1.705	1.654	1.57	1.488	1.407	1.346	1.246	1.149	1.085	0.999	0.915	0.858	0.776	0.708	0.645	0.599	0.53	0.462	0.424	0.371	0.315	0.278	0.229	0.189	0.154	0.133	0.11	0.086	0.072	0.055	0.041	0.029	0.021	0.011	0.004	0	-0.001	-0.004	-0.007	-0.008	-0.009	-0.011	-0.01	-0.009	-0.009	-0.012	-0.013	-0.015	-0.013	-0.013	-0.014	-0.014	-0.012	-0.01	-0.013	-0.007	-0.008	-0.007	-0.007	-0.008	-0.008	-0.006	-0.004	-0.005	-0.005	-0.002	0	0.002	0.002	0	-0.004	-0.008	-0.011	-0.014	-0.014	-0.017	-0.018	-0.019	-0.018	-0.014
42	1K 9dpi 3	5	1	122.38	3.059	1.388	2.2	0.96	40	230	3.184	0.245	 Measure 	 USB2G5551 B2345 	 0.999107/1.75/80/16 	5.387	5.106	4.911	4.617	4.305	4.084	3.756	3.55	3.444	3.305	3.184	3.093	2.958	2.795	2.586	2.468	2.341	2.261	2.23	2.209	2.218	2.232	2.267	2.324	2.366	2.433	2.498	2.543	2.616	2.682	2.723	2.782	2.875	2.929	2.993	3.039	3.064	3.079	3.077	3.069	3.059	3.036	3.001	2.969	2.902	2.812	2.745	2.648	2.541	2.469	2.375	2.281	2.215	2.11	2.006	1.904	1.826	1.701	1.58	1.498	1.388	1.281	1.209	1.099	1.007	0.921	0.859	0.767	0.681	0.631	0.561	0.486	0.438	0.375	0.322	0.274	0.245	0.211	0.177	0.161	0.136	0.116	0.094	0.08	0.066	0.056	0.048	0.043	0.035	0.028	0.029	0.027	0.024	0.024	0.023	0.02	0.02	0.019	0.016	0.017	0.016	0.012	0.014	0.012	0.009	0.008	0.01	0.008	0.009	0.008	0.007	0.008	0.009	0.011	0.008	0.006	0.008	0.007	0.005	0.004	0	-0.004	-0.007	-0.007	-0.011	-0.013	-0.014	-0.016	-0.017	-0.015	-0.012
43	1K 10dpi 1	5	2	120.04	3.001	1.332	2.25	2.24	40	230	1.341	0.173	 Measure 	 USB2G5551 B2345 	 0.999107/1.75/80/16 	2.095	1.937	1.838	1.705	1.58	1.514	1.425	1.381	1.366	1.349	1.341	1.338	1.343	1.352	1.379	1.406	1.46	1.536	1.595	1.702	1.811	1.867	1.956	2.057	2.128	2.226	2.314	2.377	2.474	2.557	2.605	2.676	2.782	2.847	2.923	2.972	2.998	3.016	3.019	3.013	3.001	2.979	2.95	2.919	2.854	2.769	2.704	2.609	2.506	2.433	2.335	2.239	2.173	2.067	1.961	1.856	1.776	1.65	1.524	1.444	1.332	1.221	1.147	1.04	0.946	0.862	0.803	0.712	0.627	0.58	0.509	0.437	0.391	0.329	0.276	0.228	0.2	0.168	0.136	0.119	0.095	0.074	0.054	0.043	0.031	0.023	0.015	0.009	0.003	-0.003	-0.003	-0.006	-0.009	-0.009	-0.008	-0.01	-0.01	-0.009	-0.011	-0.013	-0.013	-0.015	-0.01	-0.009	-0.008	-0.007	-0.005	-0.004	-0.002	-0.002	-0.004	-0.003	-0.002	0	-0.001	-0.002	0.001	-0.001	0.001	0.001	0	-0.003	-0.006	-0.008	-0.009	-0.01	-0.012	-0.017	-0.019	-0.018	-0.017
44	1K 10dpi 2	5	3	46.23	1.156	0.523	2.21	0.39	40	230	2.959	0.081	 Measure 	 USB2G5551 B2345 	 0.999107/1.75/80/16 	5.478	5.247	5.039	4.718	4.364	4.095	3.705	3.445	3.309	3.124	2.959	2.835	2.639	2.398	2.076	1.888	1.665	1.485	1.383	1.238	1.146	1.11	1.078	1.053	1.036	1.03	1.032	1.038	1.049	1.06	1.07	1.09	1.124	1.141	1.165	1.172	1.176	1.171	1.166	1.16	1.156	1.146	1.136	1.123	1.099	1.073	1.048	1.013	0.971	0.942	0.902	0.866	0.84	0.798	0.757	0.716	0.686	0.638	0.594	0.563	0.523	0.481	0.453	0.412	0.382	0.348	0.324	0.291	0.258	0.242	0.217	0.189	0.167	0.143	0.124	0.106	0.096	0.083	0.069	0.063	0.055	0.049	0.041	0.035	0.03	0.029	0.025	0.023	0.019	0.014	0.015	0.014	0.012	0.012	0.013	0.012	0.012	0.008	0.004	0.002	0.001	0	0.002	0.002	0.003	0.004	0.01	0.011	0.012	0.013	0.012	0.016	0.019	0.019	0.014	0.013	0.012	0.01	0.005	0.004	0	-0.003	-0.005	-0.006	-0.006	-0.006	-0.008	-0.01	-0.009	-0.007	-0.006
45	1K 10dpi 3	5	4	81.97	2.049	0.907	2.26	1.15	40	230	1.781	0.139	 Measure 	 USB2G5551 B2345 	 0.999107/1.75/80/16 	2.932	2.778	2.677	2.51	2.342	2.225	2.059	1.954	1.905	1.839	1.781	1.74	1.681	1.607	1.515	1.464	1.412	1.387	1.386	1.39	1.408	1.427	1.463	1.508	1.536	1.586	1.632	1.668	1.726	1.774	1.803	1.848	1.925	1.966	2.017	2.051	2.064	2.066	2.064	2.059	2.049	2.034	2.012	1.99	1.948	1.896	1.849	1.784	1.713	1.662	1.594	1.529	1.482	1.408	1.335	1.264	1.208	1.121	1.037	0.981	0.907	0.832	0.782	0.71	0.651	0.592	0.551	0.487	0.43	0.398	0.35	0.297	0.264	0.223	0.186	0.155	0.135	0.113	0.092	0.081	0.065	0.052	0.04	0.033	0.027	0.021	0.017	0.014	0.009	0.004	0.006	0.004	0	-0.002	-0.003	-0.004	-0.004	-0.006	-0.012	-0.013	-0.013	-0.011	-0.009	-0.009	-0.006	-0.003	0	0.001	0.003	0.001	0.001	0.002	0.005	0.004	-0.001	-0.001	0.002	0.003	0.005	0.004	0	-0.003	-0.006	-0.01	-0.012	-0.013	-0.016	-0.018	-0.017	-0.013	-0.011
46	1K 14dpi 1	5	5	102.67	2.567	1.128	2.28	2.22	40	230	1.156	0.137	 Measure 	 USB2G5551 B2345 	 0.999107/1.75/80/16 	1.823	1.674	1.592	1.467	1.361	1.3	1.227	1.19	1.177	1.164	1.156	1.153	1.158	1.167	1.186	1.207	1.251	1.313	1.363	1.455	1.542	1.59	1.666	1.754	1.811	1.895	1.971	2.025	2.109	2.18	2.222	2.284	2.382	2.439	2.506	2.549	2.571	2.584	2.583	2.578	2.567	2.548	2.523	2.496	2.439	2.366	2.31	2.227	2.138	2.076	1.991	1.907	1.85	1.757	1.666	1.577	1.508	1.399	1.29	1.221	1.128	1.034	0.97	0.879	0.801	0.729	0.68	0.602	0.529	0.487	0.426	0.362	0.321	0.268	0.222	0.181	0.157	0.131	0.105	0.093	0.072	0.056	0.043	0.036	0.027	0.018	0.014	0.009	0.004	-0.002	-0.003	-0.007	-0.008	-0.009	-0.01	-0.01	-0.009	-0.01	-0.012	-0.011	-0.009	-0.007	-0.004	-0.005	-0.004	-0.003	0	0	0.002	0.002	0.002	0.005	0.008	0.008	0.007	0.008	0.009	0.006	0.005	0.004	0	-0.004	-0.008	-0.009	-0.01	-0.008	-0.009	-0.009	-0.009	-0.004	-0.003
47	1K 14dpi 2_250uL_TRIZOL	5	6	15.3	0.383	0.169	2.27	0.8	40	230	0.476	0.041	 Measure 	 USB2G5551 B2345 	 0.999107/1.75/80/16 	0.86	0.816	0.782	0.728	0.663	0.628	0.573	0.537	0.52	0.495	0.476	0.461	0.444	0.415	0.377	0.357	0.333	0.315	0.302	0.283	0.279	0.276	0.28	0.285	0.283	0.292	0.302	0.311	0.321	0.333	0.34	0.351	0.374	0.386	0.398	0.4	0.401	0.394	0.389	0.386	0.383	0.378	0.375	0.37	0.363	0.36	0.351	0.34	0.328	0.318	0.306	0.292	0.284	0.268	0.252	0.237	0.225	0.207	0.192	0.182	0.169	0.153	0.143	0.128	0.119	0.11	0.101	0.091	0.078	0.072	0.068	0.058	0.051	0.042	0.037	0.031	0.027	0.025	0.018	0.016	0.013	0.009	0.005	0.002	0.001	0.001	-0.002	0.001	-0.001	-0.004	-0.003	-0.003	-0.004	-0.003	-0.002	-0.006	-0.006	-0.006	-0.009	-0.008	-0.007	-0.008	-0.006	-0.004	-0.003	-0.003	0.001	0	0	-0.002	0	0.002	0.006	0.006	0.004	0.005	0.007	0.006	0.005	0.004	0	-0.005	-0.007	-0.008	-0.008	-0.01	-0.012	-0.012	-0.011	-0.008	-0.008
47	1K 14dpi 2	5	7	42.15	1.054	0.459	2.29	1.71	40	230	0.615	0.092	 Measure 	 USB2G5551 B2345 	 0.999107/1.75/80/16 	1.013	0.943	0.894	0.827	0.764	0.726	0.68	0.648	0.638	0.623	0.615	0.608	0.601	0.595	0.587	0.587	0.591	0.606	0.615	0.637	0.665	0.681	0.709	0.739	0.756	0.787	0.817	0.838	0.871	0.898	0.915	0.944	0.988	1.013	1.044	1.06	1.066	1.062	1.059	1.056	1.054	1.043	1.034	1.022	1.001	0.982	0.958	0.926	0.888	0.861	0.826	0.791	0.768	0.724	0.687	0.648	0.62	0.572	0.526	0.497	0.459	0.421	0.394	0.355	0.326	0.298	0.276	0.244	0.213	0.197	0.175	0.15	0.133	0.113	0.097	0.08	0.069	0.058	0.045	0.039	0.03	0.02	0.014	0.011	0.009	0.008	0.004	0.006	0.001	-0.001	-0.001	-0.002	-0.003	-0.003	-0.003	-0.004	-0.002	-0.003	-0.006	-0.005	-0.005	-0.006	-0.004	-0.003	-0.003	-0.002	0.001	0	0	0.003	0.003	0.003	0.005	0.007	0.007	0.008	0.007	0.005	0.005	0.004	0	-0.005	-0.009	-0.01	-0.011	-0.013	-0.017	-0.02	-0.02	-0.019	-0.017
48	1K 14dpi 3	5	8	24.03	0.601	0.271	2.22	0.22	40	230	2.741	0.099	 Measure 	 USB2G5551 B2345 	 0.999107/1.75/80/16 	4.721	4.551	4.421	4.21	3.941	3.726	3.404	3.18	3.06	2.896	2.741	2.622	2.433	2.196	1.882	1.689	1.454	1.252	1.135	0.965	0.847	0.796	0.742	0.694	0.66	0.631	0.614	0.606	0.598	0.595	0.594	0.6	0.615	0.622	0.631	0.633	0.627	0.616	0.609	0.605	0.601	0.595	0.587	0.579	0.567	0.561	0.547	0.53	0.511	0.494	0.474	0.456	0.442	0.417	0.396	0.374	0.358	0.331	0.306	0.29	0.271	0.249	0.233	0.21	0.197	0.182	0.169	0.153	0.136	0.126	0.115	0.1	0.09	0.077	0.067	0.058	0.05	0.045	0.036	0.033	0.029	0.027	0.021	0.02	0.019	0.019	0.016	0.015	0.01	0.007	0.008	0.005	0.003	0.004	0.005	0.005	0.006	0.004	0.002	0.001	0	-0.003	0.001	0.003	0.004	0.003	0.005	0.005	0.007	0.008	0.005	0.005	0.01	0.011	0.01	0.01	0.007	0.005	0.006	0.004	0	-0.003	-0.006	-0.007	-0.009	-0.01	-0.014	-0.017	-0.019	-0.017	-0.015
49	6K 7dpi 1_250uL_TRIZOL	5	9	143.98	3.599	1.589	2.27	1.32	40	230	2.734	0.304	 Measure 	 USB2G5551 B2345 	 0.999107/1.75/80/16 	4.398	4.162	4.004	3.751	3.508	3.345	3.115	2.974	2.902	2.81	2.734	2.681	2.6	2.504	2.386	2.324	2.275	2.263	2.275	2.323	2.391	2.432	2.5	2.594	2.664	2.765	2.856	2.921	3.023	3.115	3.169	3.246	3.361	3.431	3.511	3.567	3.6	3.62	3.623	3.613	3.599	3.572	3.532	3.495	3.415	3.306	3.224	3.112	2.985	2.899	2.788	2.671	2.591	2.464	2.339	2.212	2.116	1.963	1.813	1.718	1.589	1.457	1.368	1.239	1.13	1.028	0.957	0.846	0.744	0.686	0.601	0.511	0.455	0.381	0.313	0.256	0.222	0.183	0.145	0.124	0.097	0.073	0.052	0.039	0.025	0.014	0.008	0.003	-0.003	-0.009	-0.011	-0.015	-0.019	-0.019	-0.019	-0.02	-0.021	-0.02	-0.019	-0.017	-0.015	-0.018	-0.015	-0.016	-0.015	-0.016	-0.013	-0.015	-0.012	-0.009	-0.009	-0.008	-0.007	-0.004	-0.004	-0.005	-0.004	-0.002	-0.001	0	0	-0.004	-0.008	-0.01	-0.012	-0.013	-0.015	-0.018	-0.02	-0.017	-0.014
50	6K 7dpi 2 	5	10	185.07	4.627	2.023	2.29	2.39	40	230	1.936	0.362	 Measure 	 USB2G5551 B2345 	 0.999107/1.75/80/16 	2.897	2.658	2.516	2.326	2.175	2.098	2.006	1.961	1.947	1.937	1.936	1.941	1.96	1.99	2.048	2.1	2.192	2.316	2.416	2.599	2.773	2.863	2.998	3.16	3.279	3.44	3.579	3.674	3.82	3.947	4.022	4.129	4.275	4.365	4.472	4.553	4.601	4.647	4.655	4.644	4.627	4.593	4.545	4.495	4.385	4.241	4.137	3.994	3.834	3.724	3.578	3.431	3.329	3.163	3.001	2.836	2.712	2.513	2.32	2.194	2.023	1.855	1.738	1.574	1.433	1.302	1.211	1.07	0.938	0.861	0.75	0.635	0.562	0.467	0.382	0.308	0.265	0.217	0.173	0.148	0.113	0.086	0.058	0.044	0.028	0.015	0.006	0	-0.008	-0.014	-0.013	-0.017	-0.021	-0.021	-0.021	-0.022	-0.023	-0.025	-0.027	-0.026	-0.023	-0.027	-0.026	-0.025	-0.023	-0.022	-0.019	-0.02	-0.016	-0.013	-0.014	-0.011	-0.007	-0.004	-0.005	-0.005	-0.003	-0.002	0.001	0.001	0	-0.003	-0.008	-0.008	-0.012	-0.01	-0.011	-0.015	-0.016	-0.013	-0.009
51	6K 7dpi 3	5	11	161.41	4.035	1.689	2.39	2.74	40	230	1.475	0.176	 Measure 	 USB2G5551 B2345 	 0.999107/1.75/80/16 	2.447	2.23	2.098	1.919	1.758	1.667	1.57	1.516	1.496	1.478	1.475	1.478	1.495	1.524	1.581	1.635	1.738	1.868	1.968	2.149	2.319	2.409	2.536	2.688	2.797	2.946	3.073	3.16	3.296	3.413	3.479	3.576	3.711	3.793	3.899	3.968	4.008	4.05	4.061	4.05	4.035	4.003	3.956	3.912	3.815	3.682	3.587	3.457	3.311	3.214	3.084	2.952	2.857	2.709	2.563	2.416	2.304	2.126	1.952	1.841	1.689	1.542	1.442	1.3	1.179	1.068	0.99	0.87	0.758	0.694	0.603	0.505	0.444	0.364	0.294	0.235	0.198	0.157	0.118	0.096	0.068	0.045	0.018	0.002	-0.012	-0.023	-0.029	-0.034	-0.042	-0.047	-0.045	-0.045	-0.048	-0.047	-0.047	-0.047	-0.042	-0.041	-0.043	-0.042	-0.038	-0.041	-0.036	-0.035	-0.035	-0.035	-0.028	-0.026	-0.021	-0.017	-0.017	-0.015	-0.01	-0.007	-0.008	-0.007	-0.007	-0.006	-0.002	0	0	-0.001	-0.003	-0.006	-0.004	-0.003	-0.004	-0.006	-0.005	-0.001	0.005
